1.744672869999999776e+01 7.834935869999999625e+01
1.744674919999999929e+01 7.834937899999999900e+01
1.744676979999999844e+01 7.834939869999999473e+01
1.744679340000000067e+01 7.834941800000000001e+01
1.744681489999999968e+01 7.834944129999999518e+01
1.744683759999999850e+01 7.834946219999999073e+01
1.744685829999999882e+01 7.834948149999999600e+01
1.744687929999999909e+01 7.834950529999998992e+01
1.744689950000000067e+01 7.834952739999999949e+01
1.744691830000000010e+01 7.834955339999999069e+01
1.744693219999999911e+01 7.834957919999999376e+01
1.744693729999999832e+01 7.834960710000000006e+01
1.744693149999999804e+01 7.834963759999999411e+01
1.744691659999999800e+01 7.834966169999999863e+01
1.744689719999999866e+01 7.834968569999999488e+01
1.744688019999999895e+01 7.834970849999999132e+01
1.744686000000000092e+01 7.834973209999999710e+01
1.744684050000000042e+01 7.834975679999999443e+01
1.744681909999999903e+01 7.834978199999999049e+01
1.744680010000000081e+01 7.834980659999999375e+01
1.744678000000000040e+01 7.834983330000000024e+01
1.744675859999999901e+01 7.834986069999999359e+01
1.744673609999999897e+01 7.834988849999999161e+01
1.744671879999999931e+01 7.834991060000000118e+01
1.744669559999999819e+01 7.834993729999999346e+01
1.744667349999999928e+01 7.834996420000000228e+01
1.744665589999999966e+01 7.834998670000000232e+01
1.744663749999999780e+01 7.835000909999999408e+01
1.744661950000000061e+01 7.835003119999998944e+01
1.744660069999999763e+01 7.835005230000000154e+01
1.744657559999999918e+01 7.835007939999999849e+01
1.744655269999999803e+01 7.835010659999998950e+01
1.744653130000000019e+01 7.835013289999999131e+01
1.744651089999999982e+01 7.835015659999999116e+01
1.744649120000000053e+01 7.835018130000000269e+01
1.744647339999999858e+01 7.835020329999998978e+01
1.744645440000000036e+01 7.835022519999999702e+01
1.744643560000000093e+01 7.835024669999999958e+01
1.744641709999999790e+01 7.835026799999999980e+01
1.744639899999999955e+01 7.835028899999998941e+01
1.744637609999999839e+01 7.835031449999999609e+01
1.744635459999999938e+01 7.835034029999999916e+01
1.744633770000000084e+01 7.835036560000000350e+01
1.744631910000000019e+01 7.835038740000000246e+01
1.744630000000000081e+01 7.835041169999999511e+01
1.744628050000000030e+01 7.835043659999999477e+01
1.744626119999999858e+01 7.835046189999999910e+01
1.744623950000000079e+01 7.835048700000000110e+01
1.744621779999999944e+01 7.835051149999999609e+01
1.744619559999999936e+01 7.835053619999999341e+01
1.744617200000000068e+01 7.835056190000000242e+01
1.744614809999999849e+01 7.835058859999999470e+01
1.744612970000000018e+01 7.835060930000000212e+01
1.744610579999999800e+01 7.835063669999999547e+01
1.744608739999999969e+01 7.835065840000000037e+01
1.744606489999999965e+01 7.835068470000000218e+01
1.744604229999999845e+01 7.835071109999999805e+01
1.744602039999999832e+01 7.835073749999999393e+01
1.744599849999999819e+01 7.835076289999999233e+01
1.744597789999999904e+01 7.835078639999998984e+01
1.744595860000000087e+01 7.835080820000000301e+01
1.744593689999999953e+01 7.835083269999999800e+01
1.744591669999999795e+01 7.835085529999999210e+01
1.744589629999999758e+01 7.835087509999999611e+01
1.744587789999999927e+01 7.835089619999999400e+01
1.744585819999999998e+01 7.835091939999999511e+01
1.744583869999999948e+01 7.835093909999999084e+01
1.744581870000000023e+01 7.835095989999999233e+01
1.744579759999999879e+01 7.835097879999999293e+01
1.744577319999999787e+01 7.835099119999999573e+01
1.744574420000000003e+01 7.835099529999999390e+01
1.744571669999999841e+01 7.835098510000000260e+01
1.744568980000000025e+01 7.835097489999999709e+01
1.744565919999999792e+01 7.835097189999999046e+01
1.744562720000000056e+01 7.835097349999999494e+01
1.744559929999999781e+01 7.835097700000000032e+01
1.744557059999999993e+01 7.835097759999999312e+01
1.744554229999999961e+01 7.835097269999999980e+01
1.744551560000000023e+01 7.835096289999999897e+01
1.744549239999999912e+01 7.835094429999999477e+01
1.744547179999999997e+01 7.835092399999999202e+01
